.Random.seed <-
c(403L, 10L, 2067857010L, -1124720403L, 145191207L, -655753906L, 
1683312040L, -416466517L, -1681632567L, -1154256168L, 119783302L, 
221254241L, 1281305587L, -1909629342L, -26269484L, 648081879L, 
792687565L, 1807865700L, 228205386L, 1156055733L, 1556812303L, 
550548246L, 490085824L, 1866997123L, 467030945L, 1604766608L, 
1106155630L, 1640136217L, -890954069L, 1331364506L, -34447780L, 
-95397025L, -702073547L, -1382988596L, 1887055394L, -1229668227L, 
-434873993L, 729659038L, -1692527272L, -932817733L, 649759321L, 
410784232L, -1276673002L, 483266449L, 1050423363L, -845711534L, 
-2061927452L, -1071881689L, -916686211L, 257393524L, -2070061222L, 
650828197L, 882464191L, -1572796858L, -728226608L, -527114509L, 
812124177L, -142692800L, -1871871458L, -279835415L, -150194661L, 
-2029976022L, -21096116L, 153477903L, 1874286149L, -1183182852L, 
30062162L, 1336396749L, 573465991L, -1139318674L, -2081089464L, 
11647563L, 696416169L, -1594829064L, -1652415962L, -2044331199L, 
24731859L, 220611714L, -577166668L, -476670409L, 248692013L, 
-1302563260L, 2048584554L, -2095573035L, 700223855L, -497861514L, 
-336537696L, -515157917L, -1948289791L, 1384224880L, -612686834L, 
1803080825L, 1964164107L, 964193594L, -425382852L, 793430911L, 
1837807829L, -779969300L, 47633986L, -1796290147L, 1907346455L, 
-678317698L, -1583667400L, 211144731L, 48701817L, -1799387192L, 
1613417462L, 1702592049L, -2118002589L, -1805961166L, 1735644548L, 
2073066439L, 1391996573L, 1795442196L, 956398778L, 270027013L, 
5810911L, -1004406938L, -823857424L, 1135687187L, -919576655L, 
637930080L, -1874044930L, -1936640119L, 1535828155L, 754130058L, 
-694894740L, -958976785L, 2018952997L, 1543508444L, 783511474L, 
-885705043L, -2134487449L, 1170533774L, 227248744L, -1383807381L, 
1319575561L, 64667288L, -1057715770L, 1188772129L, -1689224781L, 
-944118494L, -1604714732L, -184498281L, 944490381L, -405005660L, 
-1281698678L, -447362315L, 1090551119L, -96085418L, -2078242560L, 
1511976003L, 322043873L, 836669264L, 848290222L, 2058121049L, 
-1961237141L, -2050151206L, -1850432100L, -1015502433L, 1455975413L, 
2067982988L, 1170636642L, 492388157L, 2038888375L, 298226782L, 
-946640488L, -1008587525L, -1315608423L, 572111144L, 492330966L, 
585862225L, -163895549L, 1277046418L, -699257820L, 756568807L, 
-49526979L, -1357719628L, 591731738L, 1059014501L, 478763519L, 
-44387194L, 1308858384L, 267487923L, 441403729L, -555398912L, 
-649163810L, -857909207L, 297783259L, -2107274006L, -1113032052L, 
46220751L, 1874450821L, -1023770052L, -1541212398L, -112559091L, 
-1611385017L, 1960654126L, -1610963832L, -1978740341L, 1961920873L, 
-1370217672L, -1562948122L, -88123007L, -1241010925L, 968125122L, 
1072543092L, -252344969L, 1451388525L, 713646340L, 1456641066L, 
382675349L, -958038481L, -886285514L, -1303248032L, 2123196835L, 
1550932673L, 178000560L, 159223246L, 1051386169L, 1667308875L, 
-844933382L, -1096378372L, -611436481L, 990691605L, 313297452L, 
734721794L, 606958557L, -781599017L, 1537290860L, 1035299380L, 
37190290L, 273145184L, 1291491660L, 1772390368L, -177281630L, 
592154024L, 1837663884L, -1036743236L, 964193906L, 56548336L, 
-1547487676L, -1587967912L, 924366906L, -1678133136L, 1523984444L, 
-770664172L, 2110640834L, -1289236768L, 73267324L, -846385456L, 
219851170L, -1569251288L, 653749004L, -330362436L, -773672142L, 
-522421568L, -81427404L, 671205064L, -589740870L, 1603126928L, 
138055404L, 1527073364L, -44211566L, -1994464L, -1743734324L, 
1333351136L, 1702684866L, -99781592L, -1771681876L, -1504537924L, 
1332521970L, 98201136L, -1925417052L, 1788796344L, -1631025318L, 
-1508933488L, -127380612L, -1304641260L, 2138155330L, 539089152L, 
-1149399620L, 343099728L, 1701345570L, 641409608L, -1633310708L, 
472131164L, -1196443182L, 2048519680L, -265343660L, -1372668696L, 
1681111290L, 1210277584L, 305429292L, -1772582668L, 872014226L, 
1514210656L, -429177844L, -1619370784L, 96916066L, 752317608L, 
-1330609076L, 1967255420L, 591096114L, -2022858128L, -1277103292L, 
62417880L, 1276476282L, 1312290864L, 55152572L, 1387018836L, 
1507508290L, 1046529696L, -692677956L, 530588624L, -1906051742L, 
-1588330776L, -1625449268L, -1005213188L, 1029656050L, -1067254656L, 
-1657189900L, -445459832L, 306035514L, 1547330896L, 1285457004L, 
597843348L, 384378962L, 1060654560L, -1697528628L, -1176334688L, 
219586946L, 89862376L, 1229138668L, -685613764L, -379172750L, 
767799920L, 1181071908L, -254130120L, 1374947610L, -1001884464L, 
143812924L, -914951276L, 181540738L, 1732058048L, -375564740L, 
-1726033520L, -1963100126L, -1563386616L, -1964128116L, 1919876892L, 
287014034L, -1035301504L, -269365228L, 1401210664L, 1538684474L, 
-1878799920L, 972702060L, 434391988L, -630910446L, -532961312L, 
1753991628L, 482674912L, 843043874L, -1512129752L, -685245940L, 
-1691520196L, -1224910862L, 335086320L, -968943036L, 861062744L, 
535160634L, 317424L, -746927428L, 1869321492L, 492977346L, 448973920L, 
-1907585668L, -635191344L, 1557109026L, -2006643032L, 145440652L, 
-1354021700L, -1428020430L, 449627712L, -118688588L, 862985288L, 
1283825082L, -1636492784L, 1894456556L, -2103090860L, 159259410L, 
-1892629088L, -1103555892L, 200710752L, -1751935038L, -1224994008L, 
1363345836L, -1881938628L, -1444560014L, -1366215376L, -1400561884L, 
-889572040L, -1728710950L, 2130270096L, 992174844L, -612582508L, 
1903264834L, 1964715264L, 906670140L, -395158192L, 190018722L, 
1733823304L, -1194131700L, 1155522268L, 1906820946L, 794556032L, 
-548835244L, -1118612504L, 83036922L, 1356201296L, -536738004L, 
1251167092L, -358112366L, -360416672L, -1714475124L, 687204192L, 
1391930338L, 1320528808L, -1925518132L, 806672892L, -976281678L, 
-69800464L, 792653252L, 1687404888L, 1337505146L, -2536016L, 
696296380L, -1762084780L, -876613694L, 1324877856L, -898686788L, 
-1608107440L, 1334048738L, -355021208L, 751431244L, -1717495556L, 
2131984370L, 1845400832L, -842200204L, 35768328L, 1043302842L, 
-83546672L, 1569006572L, -577873004L, -371790894L, -1088105294L, 
808982656L, -520866711L, 740360411L, -525392852L, 726842426L, 
813148911L, 1086133625L, -544486898L, -1829512228L, -988556211L, 
31672247L, 365377856L, -208224226L, -251762965L, -1788156307L, 
-2043130150L, -1696371048L, -490851071L, -1200981325L, -287189548L, 
-1131051806L, -276509321L, -689834815L, -444692410L, -1305798780L, 
944492853L, -587256033L, 732570232L, 1005049686L, 1785648611L, 
1304816549L, -1434527166L, 328955952L, 1173666905L, -250535477L, 
566006332L, 362314858L, -1739776353L, -1963334871L, 2045120446L, 
-11682132L, -1993931779L, 202873671L, 284122160L, 211250510L, 
1668613499L, -308231459L, 1701045002L, -1406836184L, -1384850799L, 
1876462211L, 622705540L, 1342570930L, -203415801L, 1781169489L, 
763065558L, 1091723700L, 1335973317L, 1888425231L, 1234326408L, 
-1792992602L, -1066194349L, 1457079221L, -737124078L, -267697440L, 
-1767995575L, 1932532091L, 897061964L, -65002022L, -1139054641L, 
1301928345L, 2118457774L, 1258763964L, -1413953747L, -52804393L, 
1699310880L, 1637161598L, -875387829L, 1787676237L, -2037621638L, 
1932926136L, -1551542687L, 513887251L, 369363508L, 1775639618L, 
1242960983L, -1388445791L, 1298501734L, -1688483740L, -905501803L, 
-794245953L, 725140568L, -1165344650L, -2018013053L, 500908229L, 
-1067541022L, 674784336L, -690836103L, 42750635L, 1841801756L, 
-403925686L, -1329648321L, 1154214793L, -405863522L, -1652030900L, 
1624892445L, 637853095L, -1605078832L, -155401618L, -679109349L, 
-1148705155L, -1300552598L, -99127032L, -2004277839L, 1162822179L, 
1318086436L, -1428594734L, 1958579239L, -941087119L, 948518070L, 
947301460L, -319908635L, -1757183761L, 1839465512L, 524816518L, 
-1139520845L, -1274377195L, -112316814L, 1253690048L, 25833257L, 
-1010950757L, -963974548L, 2121080442L, -881946705L, -2120639815L, 
85226702L, -1516712420L, 11990413L, 11637751L, 783800064L, 1420967262L, 
